kpt: 0.000000 0.000000 0.000000
3.276800E+04 2.918120E-01 -4.587096E-02 2.850943E-01 8.061645E+02 3.276800E+04 2.918120E-01 -4.587096E-02 2.850943E-01 8.061645E+02 3.276800E+04 2.918120E-01 -4.587096E-02 2.850943E-01 8.061645E+02 3.276800E+04 2.918120E-01 -4.587096E-02 2.850943E-01 8.061645E+02 -5.772479E-01 6.311235E-01 -1.163577E+00 -4.350743E-01 -2.093117E+00 1.487798E+02 -2.278298E+02 -3.739066E+02 3.419269E+02 -5.772479E-01 6.311235E-01 -1.163577E+00 -4.350743E-01 -2.093117E+00 1.487798E+02 -2.278298E+02 -3.739066E+02 3.419269E+02 -5.772479E-01 6.311235E-01 -1.163577E+00 -4.350743E-01 -2.093117E+00 1.487798E+02 -2.278298E+02 -3.739066E+02 3.419269E+02 -5.772479E-01 6.311235E-01 -1.163577E+00 -4.350743E-01 -2.093117E+00 1.487798E+02 -2.278298E+02 -3.739066E+02 3.419269E+02 -5.772479E-01 6.311235E-01 -1.163577E+00 -4.350743E-01 -2.093117E+00 1.487798E+02 -2.278298E+02 -3.739066E+02 3.419269E+02 -5.772479E-01 6.311235E-01 -1.163577E+00 -4.350743E-01 -2.093117E+00 1.487798E+02 -2.278298E+02 -3.739066E+02 3.419269E+02 -5.772479E-01 6.311235E-01 -1.163577E+00 -4.350743E-01 -2.093117E+00 1.487798E+02 -2.278298E+02 -3.739066E+02 3.419269E+02 -5.772479E-01 6.311235E-01 -1.163577E+00 -4.350743E-01 -2.093117E+00 1.487798E+02 -2.278298E+02 -3.739066E+02 3.419269E+02 3.955226E+02 -4.793539E+02 7.815901E+02 -1.116681E+03 3.955226E+02 -4.793539E+02 7.815901E+02 -1.116681E+03 3.955226E+02 -4.793539E+02 7.815901E+02 -1.116681E+03 3.955226E+02 -4.793539E+02 7.815901E+02 -1.116681E+03 
2.918120E-01 3.276712E+04 7.449820E-01 -5.984452E-03 1.177537E+00 2.918120E-01 3.276712E+04 7.449820E-01 -5.984452E-03 1.177537E+00 2.918120E-01 3.276712E+04 7.449820E-01 -5.984452E-03 1.177537E+00 2.918120E-01 3.276712E+04 7.449820E-01 -5.984452E-03 1.177537E+00 -9.139638E+00 9.993109E+00 -1.904833E+00 -1.240668E+00 -3.521849E+00 1.033277E+02 -1.547664E+03 -1.305839E+02 1.194191E+02 -9.139638E+00 9.993109E+00 -1.904833E+00 -1.240668E+00 -3.521849E+00 1.033277E+02 -1.547664E+03 -1.305839E+02 1.194191E+02 -9.139638E+00 9.993109E+00 -1.904833E+00 -1.240668E+00 -3.521849E+00 1.033277E+02 -1.547664E+03 -1.305839E+02 1.194191E+02 -9.139638E+00 9.993109E+00 -1.904833E+00 -1.240668E+00 -3.521849E+00 1.033277E+02 -1.547664E+03 -1.305839E+02 1.194191E+02 -9.139638E+00 9.993109E+00 -1.904833E+00 -1.240668E+00 -3.521849E+00 1.033277E+02 -1.547664E+03 -1.305839E+02 1.194191E+02 -9.139638E+00 9.993109E+00 -1.904833E+00 -1.240668E+00 -3.521849E+00 1.033277E+02 -1.547664E+03 -1.305839E+02 1.194191E+02 -9.139638E+00 9.993109E+00 -1.904833E+00 -1.240668E+00 -3.521849E+00 1.033277E+02 -1.547664E+03 -1.305839E+02 1.194191E+02 -9.139638E+00 9.993109E+00 -1.904833E+00 -1.240668E+00 -3.521849E+00 1.033277E+02 -1.547664E+03 -1.305839E+02 1.194191E+02 3.596469E+02 2.290336E+02 4.897098E+02 -6.994936E+02 3.596469E+02 2.290336E+02 4.897098E+02 -6.994936E+02 3.596469E+02 2.290336E+02 4.897098E+02 -6.994936E+02 3.596469E+02 2.290336E+02 4.897098E+02 -6.994936E+02 
-4.587096E-02 7.449820E-01 3.276811E+04 1.922197E-01 -1.383607E-01 -4.587096E-02 7.449820E-01 3.276811E+04 1.922197E-01 -1.383607E-01 -4.587096E-02 7.449820E-01 3.276811E+04 1.922197E-01 -1.383607E-01 -4.587096E-02 7.449820E-01 3.276811E+04 1.922197E-01 -1.383607E-01 -1.240262E+00 1.167839E-01 -4.172169E+00 6.619037E-03 -5.094288E+00 1.306156E+02 -1.306003E+02 1.497866E+02 1.762487E+02 -1.240262E+00 1.167839E-01 -4.172169E+00 6.619037E-03 -5.094288E+00 1.306156E+02 -1.306003E+02 1.497866E+02 1.762487E+02 -1.240262E+00 1.167839E-01 -4.172169E+00 6.619037E-03 -5.094288E+00 1.306156E+02 -1.306003E+02 1.497866E+02 1.762487E+02 -1.240262E+00 1.167839E-01 -4.172169E+00 6.619037E-03 -5.094288E+00 1.306156E+02 -1.306003E+02 1.497866E+02 1.762487E+02 -1.240262E+00 1.167839E-01 -4.172169E+00 6.619037E-03 -5.094288E+00 1.306156E+02 -1.306003E+02 1.497866E+02 1.762487E+02 -1.240262E+00 1.167839E-01 -4.172169E+00 6.619037E-03 -5.094288E+00 1.306156E+02 -1.306003E+02 1.497866E+02 1.762487E+02 -1.240262E+00 1.167839E-01 -4.172169E+00 6.619037E-03 -5.094288E+00 1.306156E+02 -1.306003E+02 1.497866E+02 1.762487E+02 -1.240262E+00 1.167839E-01 -4.172169E+00 6.619037E-03 -5.094288E+00 1.306156E+02 -1.306003E+02 1.497866E+02 1.762487E+02 -5.864170E+02 4.897022E+02 -2.706058E+02 1.142222E+03 -5.864170E+02 4.897022E+02 -2.706058E+02 1.142222E+03 -5.864170E+02 4.897022E+02 -2.706058E+02 1.142222E+03 -5.864170E+02 4.897022E+02 -2.706058E+02 1.142222E+03 
2.850943E-01 -5.984452E-03 1.922197E-01 3.276694E+04 1.414316E-01 2.850943E-01 -5.984452E-03 1.922197E-01 3.276694E+04 1.414316E-01 2.850943E-01 -5.984452E-03 1.922197E-01 3.276694E+04 1.414316E-01 2.850943E-01 -5.984452E-03 1.922197E-01 3.276694E+04 1.414316E-01 -1.051136E-01 -1.240543E+00 1.977698E+00 -1.958456E-01 5.720798E+00 -1.194533E+02 1.194111E+02 1.762469E+02 1.806670E+02 -1.051136E-01 -1.240543E+00 1.977698E+00 -1.958456E-01 5.720798E+00 -1.194533E+02 1.194111E+02 1.762469E+02 1.806670E+02 -1.051136E-01 -1.240543E+00 1.977698E+00 -1.958456E-01 5.720798E+00 -1.194533E+02 1.194111E+02 1.762469E+02 1.806670E+02 -1.051136E-01 -1.240543E+00 1.977698E+00 -1.958456E-01 5.720798E+00 -1.194533E+02 1.194111E+02 1.762469E+02 1.806670E+02 -1.051136E-01 -1.240543E+00 1.977698E+00 -1.958456E-01 5.720798E+00 -1.194533E+02 1.194111E+02 1.762469E+02 1.806670E+02 -1.051136E-01 -1.240543E+00 1.977698E+00 -1.958456E-01 5.720798E+00 -1.194533E+02 1.194111E+02 1.762469E+02 1.806670E+02 -1.051136E-01 -1.240543E+00 1.977698E+00 -1.958456E-01 5.720798E+00 -1.194533E+02 1.194111E+02 1.762469E+02 1.806670E+02 -1.051136E-01 -1.240543E+00 1.977698E+00 -1.958456E-01 5.720798E+00 -1.194533E+02 1.194111E+02 1.762469E+02 1.806670E+02 8.378790E+02 -6.994887E+02 1.142231E+03 -1.106489E+03 8.378790E+02 -6.994887E+02 1.142231E+03 -1.106489E+03 8.378790E+02 -6.994887E+02 1.142231E+03 -1.106489E+03 8.378790E+02 -6.994887E+02 1.142231E+03 -1.106489E+03 
8.061645E+02 1.177537E+00 -1.383607E-01 1.414316E-01 5.171538E+04 8.061645E+02 1.177537E+00 -1.383607E-01 1.414316E-01 5.171538E+04 8.061645E+02 1.177537E+00 -1.383607E-01 1.414316E-01 5.171538E+04 8.061645E+02 1.177537E+00 -1.383607E-01 1.414316E-01 5.171538E+04 -7.643159E+00 8.305045E+00 -6.033951E+01 -2.185495E+01 -1.087163E+02 9.940225E+03 -4.763260E+02 -2.323927E+03 2.123156E+03 -7.643159E+00 8.305045E+00 -6.033951E+01 -2.185495E+01 -1.087163E+02 9.940225E+03 -4.763260E+02 -2.323927E+03 2.123156E+03 -7.643159E+00 8.305045E+00 -6.033951E+01 -2.185495E+01 -1.087163E+02 9.940225E+03 -4.763260E+02 -2.323927E+03 2.123156E+03 -7.643159E+00 8.305045E+00 -6.033951E+01 -2.185495E+01 -1.087163E+02 9.940225E+03 -4.763260E+02 -2.323927E+03 2.123156E+03 -7.643159E+00 8.305045E+00 -6.033951E+01 -2.185495E+01 -1.087163E+02 9.940225E+03 -4.763260E+02 -2.323927E+03 2.123156E+03 -7.643159E+00 8.305045E+00 -6.033951E+01 -2.185495E+01 -1.087163E+02 9.940225E+03 -4.763260E+02 -2.323927E+03 2.123156E+03 -7.643159E+00 8.305045E+00 -6.033951E+01 -2.185495E+01 -1.087163E+02 9.940225E+03 -4.763260E+02 -2.323927E+03 2.123156E+03 -7.643159E+00 8.305045E+00 -6.033951E+01 -2.185495E+01 -1.087163E+02 9.940225E+03 -4.763260E+02 -2.323927E+03 2.123156E+03 7.207025E+03 -8.447702E+02 1.355045E+03 -1.796608E+03 7.207025E+03 -8.447702E+02 1.355045E+03 -1.796608E+03 7.207025E+03 -8.447702E+02 1.355045E+03 -1.796608E+03 7.207025E+03 -8.447702E+02 1.355045E+03 -1.796608E+03 
3.276800E+04 2.918120E-01 -4.587096E-02 2.850943E-01 8.061645E+02 3.276800E+04 2.918120E-01 -4.587096E-02 2.850943E-01 8.061645E+02 3.276800E+04 2.918120E-01 -4.587096E-02 2.850943E-01 8.061645E+02 3.276800E+04 2.918120E-01 -4.587096E-02 2.850943E-01 8.061645E+02 -5.772479E-01 6.311235E-01 -1.163577E+00 -4.350743E-01 -2.093117E+00 1.487798E+02 -2.278298E+02 -3.739066E+02 3.419269E+02 -5.772479E-01 6.311235E-01 -1.163577E+00 -4.350743E-01 -2.093117E+00 1.487798E+02 -2.278298E+02 -3.739066E+02 3.419269E+02 -5.772479E-01 6.311235E-01 -1.163577E+00 -4.350743E-01 -2.093117E+00 1.487798E+02 -2.278298E+02 -3.739066E+02 3.419269E+02 -5.772479E-01 6.311235E-01 -1.163577E+00 -4.350743E-01 -2.093117E+00 1.487798E+02 -2.278298E+02 -3.739066E+02 3.419269E+02 -5.772479E-01 6.311235E-01 -1.163577E+00 -4.350743E-01 -2.093117E+00 1.487798E+02 -2.278298E+02 -3.739066E+02 3.419269E+02 -5.772479E-01 6.311235E-01 -1.163577E+00 -4.350743E-01 -2.093117E+00 1.487798E+02 -2.278298E+02 -3.739066E+02 3.419269E+02 -5.772479E-01 6.311235E-01 -1.163577E+00 -4.350743E-01 -2.093117E+00 1.487798E+02 -2.278298E+02 -3.739066E+02 3.419269E+02 -5.772479E-01 6.311235E-01 -1.163577E+00 -4.350743E-01 -2.093117E+00 1.487798E+02 -2.278298E+02 -3.739066E+02 3.419269E+02 3.955226E+02 -4.793539E+02 7.815901E+02 -1.116681E+03 3.955226E+02 -4.793539E+02 7.815901E+02 -1.116681E+03 3.955226E+02 -4.793539E+02 7.815901E+02 -1.116681E+03 3.955226E+02 -4.793539E+02 7.815901E+02 -1.116681E+03 
2.918120E-01 3.276712E+04 7.449820E-01 -5.984452E-03 1.177537E+00 2.918120E-01 3.276712E+04 7.449820E-01 -5.984452E-03 1.177537E+00 2.918120E-01 3.276712E+04 7.449820E-01 -5.984452E-03 1.177537E+00 2.918120E-01 3.276712E+04 7.449820E-01 -5.984452E-03 1.177537E+00 -9.139638E+00 9.993109E+00 -1.904833E+00 -1.240668E+00 -3.521849E+00 1.033277E+02 -1.547664E+03 -1.305839E+02 1.194191E+02 -9.139638E+00 9.993109E+00 -1.904833E+00 -1.240668E+00 -3.521849E+00 1.033277E+02 -1.547664E+03 -1.305839E+02 1.194191E+02 -9.139638E+00 9.993109E+00 -1.904833E+00 -1.240668E+00 -3.521849E+00 1.033277E+02 -1.547664E+03 -1.305839E+02 1.194191E+02 -9.139638E+00 9.993109E+00 -1.904833E+00 -1.240668E+00 -3.521849E+00 1.033277E+02 -1.547664E+03 -1.305839E+02 1.194191E+02 -9.139638E+00 9.993109E+00 -1.904833E+00 -1.240668E+00 -3.521849E+00 1.033277E+02 -1.547664E+03 -1.305839E+02 1.194191E+02 -9.139638E+00 9.993109E+00 -1.904833E+00 -1.240668E+00 -3.521849E+00 1.033277E+02 -1.547664E+03 -1.305839E+02 1.194191E+02 -9.139638E+00 9.993109E+00 -1.904833E+00 -1.240668E+00 -3.521849E+00 1.033277E+02 -1.547664E+03 -1.305839E+02 1.194191E+02 -9.139638E+00 9.993109E+00 -1.904833E+00 -1.240668E+00 -3.521849E+00 1.033277E+02 -1.547664E+03 -1.305839E+02 1.194191E+02 3.596469E+02 2.290336E+02 4.897098E+02 -6.994936E+02 3.596469E+02 2.290336E+02 4.897098E+02 -6.994936E+02 3.596469E+02 2.290336E+02 4.897098E+02 -6.994936E+02 3.596469E+02 2.290336E+02 4.897098E+02 -6.994936E+02 
-4.587096E-02 7.449820E-01 3.276811E+04 1.922197E-01 -1.383607E-01 -4.587096E-02 7.449820E-01 3.276811E+04 1.922197E-01 -1.383607E-01 -4.587096E-02 7.449820E-01 3.276811E+04 1.922197E-01 -1.383607E-01 -4.587096E-02 7.449820E-01 3.276811E+04 1.922197E-01 -1.383607E-01 -1.240262E+00 1.167839E-01 -4.172169E+00 6.619037E-03 -5.094288E+00 1.306156E+02 -1.306003E+02 1.497866E+02 1.762487E+02 -1.240262E+00 1.167839E-01 -4.172169E+00 6.619037E-03 -5.094288E+00 1.306156E+02 -1.306003E+02 1.497866E+02 1.762487E+02 -1.240262E+00 1.167839E-01 -4.172169E+00 6.619037E-03 -5.094288E+00 1.306156E+02 -1.306003E+02 1.497866E+02 1.762487E+02 -1.240262E+00 1.167839E-01 -4.172169E+00 6.619037E-03 -5.094288E+00 1.306156E+02 -1.306003E+02 1.497866E+02 1.762487E+02 -1.240262E+00 1.167839E-01 -4.172169E+00 6.619037E-03 -5.094288E+00 1.306156E+02 -1.306003E+02 1.497866E+02 1.762487E+02 -1.240262E+00 1.167839E-01 -4.172169E+00 6.619037E-03 -5.094288E+00 1.306156E+02 -1.306003E+02 1.497866E+02 1.762487E+02 -1.240262E+00 1.167839E-01 -4.172169E+00 6.619037E-03 -5.094288E+00 1.306156E+02 -1.306003E+02 1.497866E+02 1.762487E+02 -1.240262E+00 1.167839E-01 -4.172169E+00 6.619037E-03 -5.094288E+00 1.306156E+02 -1.306003E+02 1.497866E+02 1.762487E+02 -5.864170E+02 4.897022E+02 -2.706058E+02 1.142222E+03 -5.864170E+02 4.897022E+02 -2.706058E+02 1.142222E+03 -5.864170E+02 4.897022E+02 -2.706058E+02 1.142222E+03 -5.864170E+02 4.897022E+02 -2.706058E+02 1.142222E+03 
2.850943E-01 -5.984452E-03 1.922197E-01 3.276694E+04 1.414316E-01 2.850943E-01 -5.984452E-03 1.922197E-01 3.276694E+04 1.414316E-01 2.850943E-01 -5.984452E-03 1.922197E-01 3.276694E+04 1.414316E-01 2.850943E-01 -5.984452E-03 1.922197E-01 3.276694E+04 1.414316E-01 -1.051136E-01 -1.240543E+00 1.977698E+00 -1.958456E-01 5.720798E+00 -1.194533E+02 1.194111E+02 1.762469E+02 1.806670E+02 -1.051136E-01 -1.240543E+00 1.977698E+00 -1.958456E-01 5.720798E+00 -1.194533E+02 1.194111E+02 1.762469E+02 1.806670E+02 -1.051136E-01 -1.240543E+00 1.977698E+00 -1.958456E-01 5.720798E+00 -1.194533E+02 1.194111E+02 1.762469E+02 1.806670E+02 -1.051136E-01 -1.240543E+00 1.977698E+00 -1.958456E-01 5.720798E+00 -1.194533E+02 1.194111E+02 1.762469E+02 1.806670E+02 -1.051136E-01 -1.240543E+00 1.977698E+00 -1.958456E-01 5.720798E+00 -1.194533E+02 1.194111E+02 1.762469E+02 1.806670E+02 -1.051136E-01 -1.240543E+00 1.977698E+00 -1.958456E-01 5.720798E+00 -1.194533E+02 1.194111E+02 1.762469E+02 1.806670E+02 -1.051136E-01 -1.240543E+00 1.977698E+00 -1.958456E-01 5.720798E+00 -1.194533E+02 1.194111E+02 1.762469E+02 1.806670E+02 -1.051136E-01 -1.240543E+00 1.977698E+00 -1.958456E-01 5.720798E+00 -1.194533E+02 1.194111E+02 1.762469E+02 1.806670E+02 8.378790E+02 -6.994887E+02 1.142231E+03 -1.106489E+03 8.378790E+02 -6.994887E+02 1.142231E+03 -1.106489E+03 8.378790E+02 -6.994887E+02 1.142231E+03 -1.106489E+03 8.378790E+02 -6.994887E+02 1.142231E+03 -1.106489E+03 
8.061645E+02 1.177537E+00 -1.383607E-01 1.414316E-01 5.171538E+04 8.061645E+02 1.177537E+00 -1.383607E-01 1.414316E-01 5.171538E+04 8.061645E+02 1.177537E+00 -1.383607E-01 1.414316E-01 5.171538E+04 8.061645E+02 1.177537E+00 -1.383607E-01 1.414316E-01 5.171538E+04 -7.643159E+00 8.305045E+00 -6.033951E+01 -2.185495E+01 -1.087163E+02 9.940225E+03 -4.763260E+02 -2.323927E+03 2.123156E+03 -7.643159E+00 8.305045E+00 -6.033951E+01 -2.185495E+01 -1.087163E+02 9.940225E+03 -4.763260E+02 -2.323927E+03 2.123156E+03 -7.643159E+00 8.305045E+00 -6.033951E+01 -2.185495E+01 -1.087163E+02 9.940225E+03 -4.763260E+02 -2.323927E+03 2.123156E+03 -7.643159E+00 8.305045E+00 -6.033951E+01 -2.185495E+01 -1.087163E+02 9.940225E+03 -4.763260E+02 -2.323927E+03 2.123156E+03 -7.643159E+00 8.305045E+00 -6.033951E+01 -2.185495E+01 -1.087163E+02 9.940225E+03 -4.763260E+02 -2.323927E+03 2.123156E+03 -7.643159E+00 8.305045E+00 -6.033951E+01 -2.185495E+01 -1.087163E+02 9.940225E+03 -4.763260E+02 -2.323927E+03 2.123156E+03 -7.643159E+00 8.305045E+00 -6.033951E+01 -2.185495E+01 -1.087163E+02 9.940225E+03 -4.763260E+02 -2.323927E+03 2.123156E+03 -7.643159E+00 8.305045E+00 -6.033951E+01 -2.185495E+01 -1.087163E+02 9.940225E+03 -4.763260E+02 -2.323927E+03 2.123156E+03 7.207025E+03 -8.447702E+02 1.355045E+03 -1.796608E+03 7.207025E+03 -8.447702E+02 1.355045E+03 -1.796608E+03 7.207025E+03 -8.447702E+02 1.355045E+03 -1.796608E+03 7.207025E+03 -8.447702E+02 1.355045E+03 -1.796608E+03 
3.276800E+04 2.918120E-01 -4.587096E-02 2.850943E-01 8.061645E+02 3.276800E+04 2.918120E-01 -4.587096E-02 2.850943E-01 8.061645E+02 3.276800E+04 2.918120E-01 -4.587096E-02 2.850943E-01 8.061645E+02 3.276800E+04 2.918120E-01 -4.587096E-02 2.850943E-01 8.061645E+02 -5.772479E-01 6.311235E-01 -1.163577E+00 -4.350743E-01 -2.093117E+00 1.487798E+02 -2.278298E+02 -3.739066E+02 3.419269E+02 -5.772479E-01 6.311235E-01 -1.163577E+00 -4.350743E-01 -2.093117E+00 1.487798E+02 -2.278298E+02 -3.739066E+02 3.419269E+02 -5.772479E-01 6.311235E-01 -1.163577E+00 -4.350743E-01 -2.093117E+00 1.487798E+02 -2.278298E+02 -3.739066E+02 3.419269E+02 -5.772479E-01 6.311235E-01 -1.163577E+00 -4.350743E-01 -2.093117E+00 1.487798E+02 -2.278298E+02 -3.739066E+02 3.419269E+02 -5.772479E-01 6.311235E-01 -1.163577E+00 -4.350743E-01 -2.093117E+00 1.487798E+02 -2.278298E+02 -3.739066E+02 3.419269E+02 -5.772479E-01 6.311235E-01 -1.163577E+00 -4.350743E-01 -2.093117E+00 1.487798E+02 -2.278298E+02 -3.739066E+02 3.419269E+02 -5.772479E-01 6.311235E-01 -1.163577E+00 -4.350743E-01 -2.093117E+00 1.487798E+02 -2.278298E+02 -3.739066E+02 3.419269E+02 -5.772479E-01 6.311235E-01 -1.163577E+00 -4.350743E-01 -2.093117E+00 1.487798E+02 -2.278298E+02 -3.739066E+02 3.419269E+02 3.955226E+02 -4.793539E+02 7.815901E+02 -1.116681E+03 3.955226E+02 -4.793539E+02 7.815901E+02 -1.116681E+03 3.955226E+02 -4.793539E+02 7.815901E+02 -1.116681E+03 3.955226E+02 -4.793539E+02 7.815901E+02 -1.116681E+03 
2.918120E-01 3.276712E+04 7.449820E-01 -5.984452E-03 1.177537E+00 2.918120E-01 3.276712E+04 7.449820E-01 -5.984452E-03 1.177537E+00 2.918120E-01 3.276712E+04 7.449820E-01 -5.984452E-03 1.177537E+00 2.918120E-01 3.276712E+04 7.449820E-01 -5.984452E-03 1.177537E+00 -9.139638E+00 9.993109E+00 -1.904833E+00 -1.240668E+00 -3.521849E+00 1.033277E+02 -1.547664E+03 -1.305839E+02 1.194191E+02 -9.139638E+00 9.993109E+00 -1.904833E+00 -1.240668E+00 -3.521849E+00 1.033277E+02 -1.547664E+03 -1.305839E+02 1.194191E+02 -9.139638E+00 9.993109E+00 -1.904833E+00 -1.240668E+00 -3.521849E+00 1.033277E+02 -1.547664E+03 -1.305839E+02 1.194191E+02 -9.139638E+00 9.993109E+00 -1.904833E+00 -1.240668E+00 -3.521849E+00 1.033277E+02 -1.547664E+03 -1.305839E+02 1.194191E+02 -9.139638E+00 9.993109E+00 -1.904833E+00 -1.240668E+00 -3.521849E+00 1.033277E+02 -1.547664E+03 -1.305839E+02 1.194191E+02 -9.139638E+00 9.993109E+00 -1.904833E+00 -1.240668E+00 -3.521849E+00 1.033277E+02 -1.547664E+03 -1.305839E+02 1.194191E+02 -9.139638E+00 9.993109E+00 -1.904833E+00 -1.240668E+00 -3.521849E+00 1.033277E+02 -1.547664E+03 -1.305839E+02 1.194191E+02 -9.139638E+00 9.993109E+00 -1.904833E+00 -1.240668E+00 -3.521849E+00 1.033277E+02 -1.547664E+03 -1.305839E+02 1.194191E+02 3.596469E+02 2.290336E+02 4.897098E+02 -6.994936E+02 3.596469E+02 2.290336E+02 4.897098E+02 -6.994936E+02 3.596469E+02 2.290336E+02 4.897098E+02 -6.994936E+02 3.596469E+02 2.290336E+02 4.897098E+02 -6.994936E+02 
-4.587096E-02 7.449820E-01 3.276811E+04 1.922197E-01 -1.383607E-01 -4.587096E-02 7.449820E-01 3.276811E+04 1.922197E-01 -1.383607E-01 -4.587096E-02 7.449820E-01 3.276811E+04 1.922197E-01 -1.383607E-01 -4.587096E-02 7.449820E-01 3.276811E+04 1.922197E-01 -1.383607E-01 -1.240262E+00 1.167839E-01 -4.172169E+00 6.619037E-03 -5.094288E+00 1.306156E+02 -1.306003E+02 1.497866E+02 1.762487E+02 -1.240262E+00 1.167839E-01 -4.172169E+00 6.619037E-03 -5.094288E+00 1.306156E+02 -1.306003E+02 1.497866E+02 1.762487E+02 -1.240262E+00 1.167839E-01 -4.172169E+00 6.619037E-03 -5.094288E+00 1.306156E+02 -1.306003E+02 1.497866E+02 1.762487E+02 -1.240262E+00 1.167839E-01 -4.172169E+00 6.619037E-03 -5.094288E+00 1.306156E+02 -1.306003E+02 1.497866E+02 1.762487E+02 -1.240262E+00 1.167839E-01 -4.172169E+00 6.619037E-03 -5.094288E+00 1.306156E+02 -1.306003E+02 1.497866E+02 1.762487E+02 -1.240262E+00 1.167839E-01 -4.172169E+00 6.619037E-03 -5.094288E+00 1.306156E+02 -1.306003E+02 1.497866E+02 1.762487E+02 -1.240262E+00 1.167839E-01 -4.172169E+00 6.619037E-03 -5.094288E+00 1.306156E+02 -1.306003E+02 1.497866E+02 1.762487E+02 -1.240262E+00 1.167839E-01 -4.172169E+00 6.619037E-03 -5.094288E+00 1.306156E+02 -1.306003E+02 1.497866E+02 1.762487E+02 -5.864170E+02 4.897022E+02 -2.706058E+02 1.142222E+03 -5.864170E+02 4.897022E+02 -2.706058E+02 1.142222E+03 -5.864170E+02 4.897022E+02 -2.706058E+02 1.142222E+03 -5.864170E+02 4.897022E+02 -2.706058E+02 1.142222E+03 
2.850943E-01 -5.984452E-03 1.922197E-01 3.276694E+04 1.414316E-01 2.850943E-01 -5.984452E-03 1.922197E-01 3.276694E+04 1.414316E-01 2.850943E-01 -5.984452E-03 1.922197E-01 3.276694E+04 1.414316E-01 2.850943E-01 -5.984452E-03 1.922197E-01 3.276694E+04 1.414316E-01 -1.051136E-01 -1.240543E+00 1.977698E+00 -1.958456E-01 5.720798E+00 -1.194533E+02 1.194111E+02 1.762469E+02 1.806670E+02 -1.051136E-01 -1.240543E+00 1.977698E+00 -1.958456E-01 5.720798E+00 -1.194533E+02 1.194111E+02 1.762469E+02 1.806670E+02 -1.051136E-01 -1.240543E+00 1.977698E+00 -1.958456E-01 5.720798E+00 -1.194533E+02 1.194111E+02 1.762469E+02 1.806670E+02 -1.051136E-01 -1.240543E+00 1.977698E+00 -1.958456E-01 5.720798E+00 -1.194533E+02 1.194111E+02 1.762469E+02 1.806670E+02 -1.051136E-01 -1.240543E+00 1.977698E+00 -1.958456E-01 5.720798E+00 -1.194533E+02 1.194111E+02 1.762469E+02 1.806670E+02 -1.051136E-01 -1.240543E+00 1.977698E+00 -1.958456E-01 5.720798E+00 -1.194533E+02 1.194111E+02 1.762469E+02 1.806670E+02 -1.051136E-01 -1.240543E+00 1.977698E+00 -1.958456E-01 5.720798E+00 -1.194533E+02 1.194111E+02 1.762469E+02 1.806670E+02 -1.051136E-01 -1.240543E+00 1.977698E+00 -1.958456E-01 5.720798E+00 -1.194533E+02 1.194111E+02 1.762469E+02 1.806670E+02 8.378790E+02 -6.994887E+02 1.142231E+03 -1.106489E+03 8.378790E+02 -6.994887E+02 1.142231E+03 -1.106489E+03 8.378790E+02 -6.994887E+02 1.142231E+03 -1.106489E+03 8.378790E+02 -6.994887E+02 1.142231E+03 -1.106489E+03 
8.061645E+02 1.177537E+00 -1.383607E-01 1.414316E-01 5.171538E+04 8.061645E+02 1.177537E+00 -1.383607E-01 1.414316E-01 5.171538E+04 8.061645E+02 1.177537E+00 -1.383607E-01 1.414316E-01 5.171538E+04 8.061645E+02 1.177537E+00 -1.383607E-01 1.414316E-01 5.171538E+04 -7.643159E+00 8.305045E+00 -6.033951E+01 -2.185495E+01 -1.087163E+02 9.940225E+03 -4.763260E+02 -2.323927E+03 2.123156E+03 -7.643159E+00 8.305045E+00 -6.033951E+01 -2.185495E+01 -1.087163E+02 9.940225E+03 -4.763260E+02 -2.323927E+03 2.123156E+03 -7.643159E+00 8.305045E+00 -6.033951E+01 -2.185495E+01 -1.087163E+02 9.940225E+03 -4.763260E+02 -2.323927E+03 2.123156E+03 -7.643159E+00 8.305045E+00 -6.033951E+01 -2.185495E+01 -1.087163E+02 9.940225E+03 -4.763260E+02 -2.323927E+03 2.123156E+03 -7.643159E+00 8.305045E+00 -6.033951E+01 -2.185495E+01 -1.087163E+02 9.940225E+03 -4.763260E+02 -2.323927E+03 2.123156E+03 -7.643159E+00 8.305045E+00 -6.033951E+01 -2.185495E+01 -1.087163E+02 9.940225E+03 -4.763260E+02 -2.323927E+03 2.123156E+03 -7.643159E+00 8.305045E+00 -6.033951E+01 -2.185495E+01 -1.087163E+02 9.940225E+03 -4.763260E+02 -2.323927E+03 2.123156E+03 -7.643159E+00 8.305045E+00 -6.033951E+01 -2.185495E+01 -1.087163E+02 9.940225E+03 -4.763260E+02 -2.323927E+03 2.123156E+03 7.207025E+03 -8.447702E+02 1.355045E+03 -1.796608E+03 7.207025E+03 -8.447702E+02 1.355045E+03 -1.796608E+03 7.207025E+03 -8.447702E+02 1.355045E+03 -1.796608E+03 7.207025E+03 -8.447702E+02 1.355045E+03 -1.796608E+03 
3.276800E+04 2.918120E-01 -4.587096E-02 2.850943E-01 8.061645E+02 3.276800E+04 2.918120E-01 -4.587096E-02 2.850943E-01 8.061645E+02 3.276800E+04 2.918120E-01 -4.587096E-02 2.850943E-01 8.061645E+02 3.276800E+04 2.918120E-01 -4.587096E-02 2.850943E-01 8.061645E+02 -5.772479E-01 6.311235E-01 -1.163577E+00 -4.350743E-01 -2.093117E+00 1.487798E+02 -2.278298E+02 -3.739066E+02 3.419269E+02 -5.772479E-01 6.311235E-01 -1.163577E+00 -4.350743E-01 -2.093117E+00 1.487798E+02 -2.278298E+02 -3.739066E+02 3.419269E+02 -5.772479E-01 6.311235E-01 -1.163577E+00 -4.350743E-01 -2.093117E+00 1.487798E+02 -2.278298E+02 -3.739066E+02 3.419269E+02 -5.772479E-01 6.311235E-01 -1.163577E+00 -4.350743E-01 -2.093117E+00 1.487798E+02 -2.278298E+02 -3.739066E+02 3.419269E+02 -5.772479E-01 6.311235E-01 -1.163577E+00 -4.350743E-01 -2.093117E+00 1.487798E+02 -2.278298E+02 -3.739066E+02 3.419269E+02 -5.772479E-01 6.311235E-01 -1.163577E+00 -4.350743E-01 -2.093117E+00 1.487798E+02 -2.278298E+02 -3.739066E+02 3.419269E+02 -5.772479E-01 6.311235E-01 -1.163577E+00 -4.350743E-01 -2.093117E+00 1.487798E+02 -2.278298E+02 -3.739066E+02 3.419269E+02 -5.772479E-01 6.311235E-01 -1.163577E+00 -4.350743E-01 -2.093117E+00 1.487798E+02 -2.278298E+02 -3.739066E+02 3.419269E+02 3.955226E+02 -4.793539E+02 7.815901E+02 -1.116681E+03 3.955226E+02 -4.793539E+02 7.815901E+02 -1.116681E+03 3.955226E+02 -4.793539E+02 7.815901E+02 -1.116681E+03 3.955226E+02 -4.793539E+02 7.815901E+02 -1.116681E+03 
2.918120E-01 3.276712E+04 7.449820E-01 -5.984452E-03 1.177537E+00 2.918120E-01 3.276712E+04 7.449820E-01 -5.984452E-03 1.177537E+00 2.918120E-01 3.276712E+04 7.449820E-01 -5.984452E-03 1.177537E+00 2.918120E-01 3.276712E+04 7.449820E-01 -5.984452E-03 1.177537E+00 -9.139638E+00 9.993109E+00 -1.904833E+00 -1.240668E+00 -3.521849E+00 1.033277E+02 -1.547664E+03 -1.305839E+02 1.194191E+02 -9.139638E+00 9.993109E+00 -1.904833E+00 -1.240668E+00 -3.521849E+00 1.033277E+02 -1.547664E+03 -1.305839E+02 1.194191E+02 -9.139638E+00 9.993109E+00 -1.904833E+00 -1.240668E+00 -3.521849E+00 1.033277E+02 -1.547664E+03 -1.305839E+02 1.194191E+02 -9.139638E+00 9.993109E+00 -1.904833E+00 -1.240668E+00 -3.521849E+00 1.033277E+02 -1.547664E+03 -1.305839E+02 1.194191E+02 -9.139638E+00 9.993109E+00 -1.904833E+00 -1.240668E+00 -3.521849E+00 1.033277E+02 -1.547664E+03 -1.305839E+02 1.194191E+02 -9.139638E+00 9.993109E+00 -1.904833E+00 -1.240668E+00 -3.521849E+00 1.033277E+02 -1.547664E+03 -1.305839E+02 1.194191E+02 -9.139638E+00 9.993109E+00 -1.904833E+00 -1.240668E+00 -3.521849E+00 1.033277E+02 -1.547664E+03 -1.305839E+02 1.194191E+02 -9.139638E+00 9.993109E+00 -1.904833E+00 -1.240668E+00 -3.521849E+00 1.033277E+02 -1.547664E+03 -1.305839E+02 1.194191E+02 3.596469E+02 2.290336E+02 4.897098E+02 -6.994936E+02 3.596469E+02 2.290336E+02 4.897098E+02 -6.994936E+02 3.596469E+02 2.290336E+02 4.897098E+02 -6.994936E+02 3.596469E+02 2.290336E+02 4.897098E+02 -6.994936E+02 
-4.587096E-02 7.449820E-01 3.276811E+04 1.922197E-01 -1.383607E-01 -4.587096E-02 7.449820E-01 3.276811E+04 1.922197E-01 -1.383607E-01 -4.587096E-02 7.449820E-01 3.276811E+04 1.922197E-01 -1.383607E-01 -4.587096E-02 7.449820E-01 3.276811E+04 1.922197E-01 -1.383607E-01 -1.240262E+00 1.167839E-01 -4.172169E+00 6.619037E-03 -5.094288E+00 1.306156E+02 -1.306003E+02 1.497866E+02 1.762487E+02 -1.240262E+00 1.167839E-01 -4.172169E+00 6.619037E-03 -5.094288E+00 1.306156E+02 -1.306003E+02 1.497866E+02 1.762487E+02 -1.240262E+00 1.167839E-01 -4.172169E+00 6.619037E-03 -5.094288E+00 1.306156E+02 -1.306003E+02 1.497866E+02 1.762487E+02 -1.240262E+00 1.167839E-01 -4.172169E+00 6.619037E-03 -5.094288E+00 1.306156E+02 -1.306003E+02 1.497866E+02 1.762487E+02 -1.240262E+00 1.167839E-01 -4.172169E+00 6.619037E-03 -5.094288E+00 1.306156E+02 -1.306003E+02 1.497866E+02 1.762487E+02 -1.240262E+00 1.167839E-01 -4.172169E+00 6.619037E-03 -5.094288E+00 1.306156E+02 -1.306003E+02 1.497866E+02 1.762487E+02 -1.240262E+00 1.167839E-01 -4.172169E+00 6.619037E-03 -5.094288E+00 1.306156E+02 -1.306003E+02 1.497866E+02 1.762487E+02 -1.240262E+00 1.167839E-01 -4.172169E+00 6.619037E-03 -5.094288E+00 1.306156E+02 -1.306003E+02 1.497866E+02 1.762487E+02 -5.864170E+02 4.897022E+02 -2.706058E+02 1.142222E+03 -5.864170E+02 4.897022E+02 -2.706058E+02 1.142222E+03 -5.864170E+02 4.897022E+02 -2.706058E+02 1.142222E+03 -5.864170E+02 4.897022E+02 -2.706058E+02 1.142222E+03 
2.850943E-01 -5.984452E-03 1.922197E-01 3.276694E+04 1.414316E-01 2.850943E-01 -5.984452E-03 1.922197E-01 3.276694E+04 1.414316E-01 2.850943E-01 -5.984452E-03 1.922197E-01 3.276694E+04 1.414316E-01 2.850943E-01 -5.984452E-03 1.922197E-01 3.276694E+04 1.414316E-01 -1.051136E-01 -1.240543E+00 1.977698E+00 -1.958456E-01 5.720798E+00 -1.194533E+02 1.194111E+02 1.762469E+02 1.806670E+02 -1.051136E-01 -1.240543E+00 1.977698E+00 -1.958456E-01 5.720798E+00 -1.194533E+02 1.194111E+02 1.762469E+02 1.806670E+02 -1.051136E-01 -1.240543E+00 1.977698E+00 -1.958456E-01 5.720798E+00 -1.194533E+02 1.194111E+02 1.762469E+02 1.806670E+02 -1.051136E-01 -1.240543E+00 1.977698E+00 -1.958456E-01 5.720798E+00 -1.194533E+02 1.194111E+02 1.762469E+02 1.806670E+02 -1.051136E-01 -1.240543E+00 1.977698E+00 -1.958456E-01 5.720798E+00 -1.194533E+02 1.194111E+02 1.762469E+02 1.806670E+02 -1.051136E-01 -1.240543E+00 1.977698E+00 -1.958456E-01 5.720798E+00 -1.194533E+02 1.194111E+02 1.762469E+02 1.806670E+02 -1.051136E-01 -1.240543E+00 1.977698E+00 -1.958456E-01 5.720798E+00 -1.194533E+02 1.194111E+02 1.762469E+02 1.806670E+02 -1.051136E-01 -1.240543E+00 1.977698E+00 -1.958456E-01 5.720798E+00 -1.194533E+02 1.194111E+02 1.762469E+02 1.806670E+02 8.378790E+02 -6.994887E+02 1.142231E+03 -1.106489E+03 8.378790E+02 -6.994887E+02 1.142231E+03 -1.106489E+03 8.378790E+02 -6.994887E+02 1.142231E+03 -1.106489E+03 8.378790E+02 -6.994887E+02 1.142231E+03 -1.106489E+03 
8.061645E+02 1.177537E+00 -1.383607E-01 1.414316E-01 5.171538E+04 8.061645E+02 1.177537E+00 -1.383607E-01 1.414316E-01 5.171538E+04 8.061645E+02 1.177537E+00 -1.383607E-01 1.414316E-01 5.171538E+04 8.061645E+02 1.177537E+00 -1.383607E-01 1.414316E-01 5.171538E+04 -7.643159E+00 8.305045E+00 -6.033951E+01 -2.185495E+01 -1.087163E+02 9.940225E+03 -4.763260E+02 -2.323927E+03 2.123156E+03 -7.643159E+00 8.305045E+00 -6.033951E+01 -2.185495E+01 -1.087163E+02 9.940225E+03 -4.763260E+02 -2.323927E+03 2.123156E+03 -7.643159E+00 8.305045E+00 -6.033951E+01 -2.185495E+01 -1.087163E+02 9.940225E+03 -4.763260E+02 -2.323927E+03 2.123156E+03 -7.643159E+00 8.305045E+00 -6.033951E+01 -2.185495E+01 -1.087163E+02 9.940225E+03 -4.763260E+02 -2.323927E+03 2.123156E+03 -7.643159E+00 8.305045E+00 -6.033951E+01 -2.185495E+01 -1.087163E+02 9.940225E+03 -4.763260E+02 -2.323927E+03 2.123156E+03 -7.643159E+00 8.305045E+00 -6.033951E+01 -2.185495E+01 -1.087163E+02 9.940225E+03 -4.763260E+02 -2.323927E+03 2.123156E+03 -7.643159E+00 8.305045E+00 -6.033951E+01 -2.185495E+01 -1.087163E+02 9.940225E+03 -4.763260E+02 -2.323927E+03 2.123156E+03 -7.643159E+00 8.305045E+00 -6.033951E+01 -2.185495E+01 -1.087163E+02 9.940225E+03 -4.763260E+02 -2.323927E+03 2.123156E+03 7.207025E+03 -8.447702E+02 1.355045E+03 -1.796608E+03 7.207025E+03 -8.447702E+02 1.355045E+03 -1.796608E+03 7.207025E+03 -8.447702E+02 1.355045E+03 -1.796608E+03 7.207025E+03 -8.447702E+02 1.355045E+03 -1.796608E+03 
-1.624808E+14 -2.572579E+15 -3.491027E+14 -2.958685E+13 -2.151358E+15 -1.624808E+14 -2.572579E+15 -3.491027E+14 -2.958685E+13 -2.151358E+15 -1.624808E+14 -2.572579E+15 -3.491027E+14 -2.958685E+13 -2.151358E+15 -1.624808E+14 -2.572579E+15 -3.491027E+14 -2.958685E+13 -2.151358E+15 9.223372E+18 2.257788E+09 9.686283E+09 2.040706E+10 1.471737E+09 -2.534958E+14 -1.919522E+14 -6.268814E+13 6.004960E+13 9.223372E+18 2.257788E+09 9.686283E+09 2.040706E+10 1.471737E+09 -2.534958E+14 -1.919522E+14 -6.268814E+13 6.004960E+13 9.223372E+18 2.257788E+09 9.686283E+09 2.040706E+10 1.471737E+09 -2.534958E+14 -1.919522E+14 -6.268814E+13 6.004960E+13 9.223372E+18 2.257788E+09 9.686283E+09 2.040706E+10 1.471737E+09 -2.534958E+14 -1.919522E+14 -6.268814E+13 6.004960E+13 9.223372E+18 2.257788E+09 9.686283E+09 2.040706E+10 1.471737E+09 -2.534958E+14 -1.919522E+14 -6.268814E+13 6.004960E+13 9.223372E+18 2.257788E+09 9.686283E+09 2.040706E+10 1.471737E+09 -2.534958E+14 -1.919522E+14 -6.268814E+13 6.004960E+13 9.223372E+18 2.257788E+09 9.686283E+09 2.040706E+10 1.471737E+09 -2.534958E+14 -1.919522E+14 -6.268814E+13 6.004960E+13 9.223372E+18 2.257788E+09 9.686283E+09 2.040706E+10 1.471737E+09 -2.534958E+14 -1.919522E+14 -6.268814E+13 6.004960E+13 -3.659366E+13 -3.294294E+14 -5.396284E+14 4.883381E+14 -3.659366E+13 -3.294294E+14 -5.396284E+14 4.883381E+14 -3.659366E+13 -3.294294E+14 -5.396284E+14 4.883381E+14 -3.659366E+13 -3.294294E+14 -5.396284E+14 4.883381E+14 
1.776455E+14 2.812810E+15 3.287175E+13 -3.491818E+14 2.337662E+15 1.776455E+14 2.812810E+15 3.287175E+13 -3.491818E+14 2.337662E+15 1.776455E+14 2.812810E+15 3.287175E+13 -3.491818E+14 2.337662E+15 1.776455E+14 2.812810E+15 3.287175E+13 -3.491818E+14 2.337662E+15 2.257788E+09 9.223372E+18 -1.033129E+10 -7.485521E+09 1.223782E+09 -1.185063E+13 -3.524564E+14 -5.231335E+14 -6.269061E+13 2.257788E+09 9.223372E+18 -1.033129E+10 -7.485521E+09 1.223782E+09 -1.185063E+13 -3.524564E+14 -5.231335E+14 -6.269061E+13 2.257788E+09 9.223372E+18 -1.033129E+10 -7.485521E+09 1.223782E+09 -1.185063E+13 -3.524564E+14 -5.231335E+14 -6.269061E+13 2.257788E+09 9.223372E+18 -1.033129E+10 -7.485521E+09 1.223782E+09 -1.185063E+13 -3.524564E+14 -5.231335E+14 -6.269061E+13 2.257788E+09 9.223372E+18 -1.033129E+10 -7.485521E+09 1.223782E+09 -1.185063E+13 -3.524564E+14 -5.231335E+14 -6.269061E+13 2.257788E+09 9.223372E+18 -1.033129E+10 -7.485521E+09 1.223782E+09 -1.185063E+13 -3.524564E+14 -5.231335E+14 -6.269061E+13 2.257788E+09 9.223372E+18 -1.033129E+10 -7.485521E+09 1.223782E+09 -1.185063E+13 -3.524564E+14 -5.231335E+14 -6.269061E+13 2.257788E+09 9.223372E+18 -1.033129E+10 -7.485521E+09 1.223782E+09 -1.185063E+13 -3.524564E+14 -5.231335E+14 -6.269061E+13 2.874014E+13 2.471348E+14 3.810982E+14 -5.377734E+14 2.874014E+13 2.471348E+14 3.810982E+14 -5.377734E+14 2.874014E+13 2.471348E+14 3.810982E+14 -5.377734E+14 2.874014E+13 2.471348E+14 3.810982E+14 -5.377734E+14 
-3.275179E+14 -5.361628E+14 -1.174361E+15 5.566726E+14 -1.698406E+16 -3.275179E+14 -5.361628E+14 -1.174361E+15 5.566726E+14 -1.698406E+16 -3.275179E+14 -5.361628E+14 -1.174361E+15 5.566726E+14 -1.698406E+16 -3.275179E+14 -5.361628E+14 -1.174361E+15 5.566726E+14 -1.698406E+16 9.686283E+09 -1.033129E+10 9.223372E+18 -4.677541E+09 9.872630E+10 8.077180E+13 -9.526577E+13 2.475002E+13 -1.439637E+14 9.686283E+09 -1.033129E+10 9.223372E+18 -4.677541E+09 9.872630E+10 8.077180E+13 -9.526577E+13 2.475002E+13 -1.439637E+14 9.686283E+09 -1.033129E+10 9.223372E+18 -4.677541E+09 9.872630E+10 8.077180E+13 -9.526577E+13 2.475002E+13 -1.439637E+14 9.686283E+09 -1.033129E+10 9.223372E+18 -4.677541E+09 9.872630E+10 8.077180E+13 -9.526577E+13 2.475002E+13 -1.439637E+14 9.686283E+09 -1.033129E+10 9.223372E+18 -4.677541E+09 9.872630E+10 8.077180E+13 -9.526577E+13 2.475002E+13 -1.439637E+14 9.686283E+09 -1.033129E+10 9.223372E+18 -4.677541E+09 9.872630E+10 8.077180E+13 -9.526577E+13 2.475002E+13 -1.439637E+14 9.686283E+09 -1.033129E+10 9.223372E+18 -4.677541E+09 9.872630E+10 8.077180E+13 -9.526577E+13 2.475002E+13 -1.439637E+14 9.686283E+09 -1.033129E+10 9.223372E+18 -4.677541E+09 9.872630E+10 8.077180E+13 -9.526577E+13 2.475002E+13 -1.439637E+14 -1.814241E+12 7.791157E+13 -2.890196E+14 3.512641E+12 -1.814241E+12 7.791157E+13 -2.890196E+14 3.512641E+12 -1.814241E+12 7.791157E+13 -2.890196E+14 3.512641E+12 -1.814241E+12 7.791157E+13 -2.890196E+14 3.512641E+12 
-1.224625E+14 -3.492170E+14 1.863093E+12 -5.512564E+13 -6.151621E+15 -1.224625E+14 -3.492170E+14 1.863093E+12 -5.512564E+13 -6.151621E+15 -1.224625E+14 -3.492170E+14 1.863093E+12 -5.512564E+13 -6.151621E+15 -1.224625E+14 -3.492170E+14 1.863093E+12 -5.512564E+13 -6.151621E+15 2.040706E+10 -7.485521E+09 -4.677541E+09 9.223372E+18 1.864974E+10 1.077142E+14 -6.267705E+13 1.217758E+14 1.008871E+15 2.040706E+10 -7.485521E+09 -4.677541E+09 9.223372E+18 1.864974E+10 1.077142E+14 -6.267705E+13 1.217758E+14 1.008871E+15 2.040706E+10 -7.485521E+09 -4.677541E+09 9.223372E+18 1.864974E+10 1.077142E+14 -6.267705E+13 1.217758E+14 1.008871E+15 2.040706E+10 -7.485521E+09 -4.677541E+09 9.223372E+18 1.864974E+10 1.077142E+14 -6.267705E+13 1.217758E+14 1.008871E+15 2.040706E+10 -7.485521E+09 -4.677541E+09 9.223372E+18 1.864974E+10 1.077142E+14 -6.267705E+13 1.217758E+14 1.008871E+15 2.040706E+10 -7.485521E+09 -4.677541E+09 9.223372E+18 1.864974E+10 1.077142E+14 -6.267705E+13 1.217758E+14 1.008871E+15 2.040706E+10 -7.485521E+09 -4.677541E+09 9.223372E+18 1.864974E+10 1.077142E+14 -6.267705E+13 1.217758E+14 1.008871E+15 2.040706E+10 -7.485521E+09 -4.677541E+09 9.223372E+18 1.864974E+10 1.077142E+14 -6.267705E+13 1.217758E+14 1.008871E+15 -4.084131E+13 -5.379491E+14 -2.682200E+14 4.675554E+14 -4.084131E+13 -5.379491E+14 -2.682200E+14 4.675554E+14 -4.084131E+13 -5.379491E+14 -2.682200E+14 4.675554E+14 -4.084131E+13 -5.379491E+14 -2.682200E+14 4.675554E+14 
-5.891601E+14 -9.913125E+14 -1.433915E+15 1.610262E+15 -3.060091E+16 -5.891601E+14 -9.913125E+14 -1.433915E+15 1.610262E+15 -3.060091E+16 -5.891601E+14 -9.913125E+14 -1.433915E+15 1.610262E+15 -3.060091E+16 -5.891601E+14 -9.913125E+14 -1.433915E+15 1.610262E+15 -3.060091E+16 1.471737E+09 1.223782E+09 9.872630E+10 1.864974E+10 9.223372E+18 -2.900036E+14 4.181921E+14 6.806878E+14 5.631263E+14 1.471737E+09 1.223782E+09 9.872630E+10 1.864974E+10 9.223372E+18 -2.900036E+14 4.181921E+14 6.806878E+14 5.631263E+14 1.471737E+09 1.223782E+09 9.872630E+10 1.864974E+10 9.223372E+18 -2.900036E+14 4.181921E+14 6.806878E+14 5.631263E+14 1.471737E+09 1.223782E+09 9.872630E+10 1.864974E+10 9.223372E+18 -2.900036E+14 4.181921E+14 6.806878E+14 5.631263E+14 1.471737E+09 1.223782E+09 9.872630E+10 1.864974E+10 9.223372E+18 -2.900036E+14 4.181921E+14 6.806878E+14 5.631263E+14 1.471737E+09 1.223782E+09 9.872630E+10 1.864974E+10 9.223372E+18 -2.900036E+14 4.181921E+14 6.806878E+14 5.631263E+14 1.471737E+09 1.223782E+09 9.872630E+10 1.864974E+10 9.223372E+18 -2.900036E+14 4.181921E+14 6.806878E+14 5.631263E+14 1.471737E+09 1.223782E+09 9.872630E+10 1.864974E+10 9.223372E+18 -2.900036E+14 4.181921E+14 6.806878E+14 5.631263E+14 6.778879E+12 2.396083E+14 1.103177E+14 5.257414E+13 6.778879E+12 2.396083E+14 1.103177E+14 5.257414E+13 6.778879E+12 2.396083E+14 1.103177E+14 5.257414E+13 6.778879E+12 2.396083E+14 1.103177E+14 5.257414E+13 
4.187779E+16 2.908416E+16 3.676501E+16 -3.362311E+16 2.797925E+18 4.187779E+16 2.908416E+16 3.676501E+16 -3.362311E+16 2.797925E+18 4.187779E+16 2.908416E+16 3.676501E+16 -3.362311E+16 2.797925E+18 4.187779E+16 2.908416E+16 3.676501E+16 -3.362311E+16 2.797925E+18 -2.534958E+14 -1.185063E+13 8.077180E+13 1.077142E+14 -2.900036E+14 9.223605E+18 -1.953346E+14 4.358661E+14 2.656516E+14 -2.534958E+14 -1.185063E+13 8.077180E+13 1.077142E+14 -2.900036E+14 9.223605E+18 -1.953346E+14 4.358661E+14 2.656516E+14 -2.534958E+14 -1.185063E+13 8.077180E+13 1.077142E+14 -2.900036E+14 9.223605E+18 -1.953346E+14 4.358661E+14 2.656516E+14 -2.534958E+14 -1.185063E+13 8.077180E+13 1.077142E+14 -2.900036E+14 9.223605E+18 -1.953346E+14 4.358661E+14 2.656516E+14 -2.534958E+14 -1.185063E+13 8.077180E+13 1.077142E+14 -2.900036E+14 9.223605E+18 -1.953346E+14 4.358661E+14 2.656516E+14 -2.534958E+14 -1.185063E+13 8.077180E+13 1.077142E+14 -2.900036E+14 9.223605E+18 -1.953346E+14 4.358661E+14 2.656516E+14 -2.534958E+14 -1.185063E+13 8.077180E+13 1.077142E+14 -2.900036E+14 9.223605E+18 -1.953346E+14 4.358661E+14 2.656516E+14 -2.534958E+14 -1.185063E+13 8.077180E+13 1.077142E+14 -2.900036E+14 9.223605E+18 -1.953346E+14 4.358661E+14 2.656516E+14 4.464159E+15 1.427532E+16 9.798623E+15 -1.314630E+16 4.464159E+15 1.427532E+16 9.798623E+15 -1.314630E+16 4.464159E+15 1.427532E+16 9.798623E+15 -1.314630E+16 4.464159E+15 1.427532E+16 9.798623E+15 -1.314630E+16 
-6.412838E+16 -4.356286E+17 -3.676071E+16 3.361122E+16 -1.340738E+17 -6.412838E+16 -4.356286E+17 -3.676071E+16 3.361122E+16 -1.340738E+17 -6.412838E+16 -4.356286E+17 -3.676071E+16 3.361122E+16 -1.340738E+17 -6.412838E+16 -4.356286E+17 -3.676071E+16 3.361122E+16 -1.340738E+17 -1.919522E+14 -3.524564E+14 -9.526577E+13 -6.267705E+13 4.181921E+14 -1.953346E+14 9.193652E+18 -1.037145E+14 -2.557877E+14 -1.919522E+14 -3.524564E+14 -9.526577E+13 -6.267705E+13 4.181921E+14 -1.953346E+14 9.193652E+18 -1.037145E+14 -2.557877E+14 -1.919522E+14 -3.524564E+14 -9.526577E+13 -6.267705E+13 4.181921E+14 -1.953346E+14 9.193652E+18 -1.037145E+14 -2.557877E+14 -1.919522E+14 -3.524564E+14 -9.526577E+13 -6.267705E+13 4.181921E+14 -1.953346E+14 9.193652E+18 -1.037145E+14 -2.557877E+14 -1.919522E+14 -3.524564E+14 -9.526577E+13 -6.267705E+13 4.181921E+14 -1.953346E+14 9.193652E+18 -1.037145E+14 -2.557877E+14 -1.919522E+14 -3.524564E+14 -9.526577E+13 -6.267705E+13 4.181921E+14 -1.953346E+14 9.193652E+18 -1.037145E+14 -2.557877E+14 -1.919522E+14 -3.524564E+14 -9.526577E+13 -6.267705E+13 4.181921E+14 -1.953346E+14 9.193652E+18 -1.037145E+14 -2.557877E+14 -1.919522E+14 -3.524564E+14 -9.526577E+13 -6.267705E+13 4.181921E+14 -1.953346E+14 9.193652E+18 -1.037145E+14 -2.557877E+14 -3.056872E+16 -4.004514E+16 -2.096268E+16 2.720535E+16 -3.056872E+16 -4.004514E+16 -2.096268E+16 2.720535E+16 -3.056872E+16 -4.004514E+16 -2.096268E+16 2.720535E+16 -3.056872E+16 -4.004514E+16 -2.096268E+16 2.720535E+16 
