LATVEC_SCALE: 15.52283392041513 13.92588146412 16.8354590659194
LATVEC:
1 0 0
6.123233995736766e-17 1 0
-0.5680480766901117 9.601525290138544e-17 0.822995372142921
MESH_SPACING: 0.2340004967241482
TOL_SCF: 0.001
MAXIT_SCF: 100
SPIN_TYP: 0
EXCHANGE_CORRELATION: GGA_PBE
KPOINT_GRID: 1 1 1
BC: P P P
PRINT_DENSITY: 1
CALC_STRESS: 1
PRINT_ENERGY_DENSITY: 1
PRINT_EIGEN: 1
